386.28321148747983
381.608642578125
375.1596984863281
368.4430236816406
364.8471374511719
361.09967041015625
355.71978759765625
343.287109375
344.08306884765625
334.179931640625
342.4278259277344
334.29559326171875
336.8919982910156
334.47393798828125
356.66162109375
357.3681945800781
366.9424743652344
369.486572265625
381.1034240722656
385.29437255859375
392.93194580078125
395.9044189453125
396.89532470703125
396.1490173339844
385.1621398925781
387.2915344238281
381.5809326171875
382.6564025878906
373.3419189453125
366.8674621582031
367.49578857421875
353.5777587890625
350.7723083496094
340.63336181640625
343.57928466796875
336.5218505859375
345.4040832519531
348.5852966308594
351.7018127441406
367.3489685058594
379.735107421875
386.1490173339844
397.58056640625
399.4881591796875
405.4922180175781
406.9945068359375
412.1894226074219
406.2202453613281
