409.34778608838656
-0.33325767517089844
-0.459269642829895
-0.6388497948646545
-0.7018852829933167
-0.8965802788734436
-0.8018621802330017
-0.9619666337966919
-0.8784347772598267
-0.6763836145401001
-0.6212114095687866
-0.5020899772644043
-0.5444080829620361
-0.35943636298179626
-0.34837427735328674
-0.14390914142131805
-0.17684940993785858
-0.14039887487888336
-0.1468128114938736
-0.15840275585651398
-0.13678830862045288
-0.23160748183727264
-0.27208051085472107
-0.35928866267204285
-0.6036568880081177
-0.6867012977600098
-0.7383663654327393
-0.8156458735466003
-0.8849925994873047
-0.981347918510437
-0.8755155205726624
-0.8555105924606323
-0.94178706407547
-0.8064409494400024
-0.6871591210365295
-0.5757754445075989
-0.5854119062423706
-0.3256235718727112
-0.3238324224948883
-0.1101180911064148
0.01822427473962307
0.14305877685546875
0.21551907062530518
0.2550121545791626
0.19074134528636932
0.2892117202281952
0.16335608065128326
0.04133490100502968
