409.34778608838656
392.2981262207031
389.668212890625
385.9203186035156
384.6047668457031
380.5414123535156
382.5182189941406
379.1767883300781
380.92010498046875
385.1369934082031
386.2884521484375
388.7745361328125
387.891357421875
391.75177001953125
391.9826354980469
396.2498779296875
395.5624084472656
396.3231506347656
396.1893005371094
395.9474182128906
396.39849853515625
394.4195861816406
393.5749206542969
391.7548522949219
386.6548156738281
384.9216613769531
383.8433837890625
382.23052978515625
380.78326416015625
378.77227783203125
380.9810485839844
381.3985595703125
379.5979309082031
382.4226379394531
384.912109375
387.2366943359375
387.03558349609375
392.45745849609375
392.4948425292969
396.9551086425781
399.6336669921875
402.239013671875
403.75128173828125
404.57550048828125
403.2341613769531
405.28924560546875
402.66259765625
400.1159973144531
