353.6682014949836
332.34808349609375
345.6343078613281
313.7550048828125
332.42156982421875
363.4446105957031
337.4683837890625
285.9449768066406
286.28729248046875
220.63844299316406
229.393310546875
216.75897216796875
217.66050720214844
237.38539123535156
251.5206298828125
274.9166259765625
282.7063293457031
312.4176940917969
332.90008544921875
366.35150146484375
336.8318176269531
378.4585876464844
389.6417236328125
345.8597106933594
347.8173522949219
328.91455078125
356.01776123046875
342.2676086425781
317.02783203125
294.4093017578125
314.86297607421875
268.3327941894531
228.90670776367188
223.79739379882812
237.11178588867188
219.34109497070312
218.0044708251953
214.91993713378906
226.632080078125
254.75418090820312
259.4052429199219
286.20880126953125
316.59130859375
327.6387023925781
360.7306823730469
361.870361328125
343.300537109375
353.5778503417969
