353.6682014949836
338.3406066894531
337.6668701171875
292.4315490722656
317.842529296875
287.7781677246094
265.65771484375
259.8785400390625
234.63906860351562
261.154541015625
228.95565795898438
238.29322814941406
236.52256774902344
274.3257141113281
283.1523742675781
295.76708984375
324.73834228515625
298.4921569824219
322.84173583984375
342.94720458984375
335.725341796875
345.4501953125
346.688720703125
341.4858703613281
346.37274169921875
301.3700256347656
297.7901611328125
323.161376953125
290.9600830078125
281.01470947265625
257.8735046386719
233.6448974609375
226.66017150878906
224.29058837890625
224.78826904296875
216.22801208496094
227.1232147216797
238.8070068359375
270.38397216796875
267.8367614746094
265.5735168457031
315.3514404296875
318.6846618652344
331.99273681640625
346.67919921875
352.383056640625
347.61639404296875
343.93414306640625
